In Progress

 Center Offset(mm)=

   0.017

 Maximum Center Offset(mm)=

   0.041216

 Percentage(%)

   3.9782866
--> disp(DTb_f2b_ro)

   1.   0.       0.       0.   
   0.   1.      -0.0005   0.   
   0.   0.0005   1.      -0.075
   0.   0.       0.       1.   
--> disp(DTf2b_f1e_ro)

   1.   0.       0.       0.
   0.   1.      -0.0027   0.
   0.   0.0027   1.       0.
   0.   0.       0.       1.
--> disp(DTf1e_e_ro)

   1.   0.        0.        0.   
   0.   1.        0.00104  -0.005
   0.  -0.00104   1.        0.   
   0.   0.        0.        1.   
--> disp(DTe_h_ro)

   1.   0.   0.   0.   
   0.   1.   0.   0.   
   0.   0.   1.  -0.006
   0.   0.   0.   1.   